"GROUP","NREP_TOTAL","NREP_STD_METHOD","NREP_SEC_METHOD","POSREP_TOTAL","POSREP_STD_METHOD","POSREP_SEC_METHOD"
"ABSO","873","606","267","3","2","1"
"ABVA","873","606","267","23","19","4"
"ACAC","873","606","267","6","4","2"
"ACBL","873","606","267","110","60","50"
"ACDU","873","606","267","36","28","8"
"ACGU","873","606","267","22","17","5"
"ACLE","873","606","267","164","120","44"
"ACLI","873","606","267","147","92","55"
"ACNC","873","606","267","515","343","172"
"ACNF","873","606","267","845","586","259"
"ACNI","873","606","267","93","62","31"
"ACNR","873","606","267","71","56","15"
"ACNU","873","606","267","19","10","9"
"ACOL","873","606","267","440","309","131"
"ACPY","873","606","267","319","216","103"
"ACSP","873","606","267","10","6","4"
"ACTH","873","606","267","148","115","33"
"ACTR","873","606","267","16","13","3"
"ACXA","873","606","267","44","36","8"
"AEOC","873","606","267","4","3","1"
"AERO","873","606","267","6","4","2"
"AMCH","873","606","267","42","29","13"
"AMCL","873","606","267","14","12","2"
"AMFA","873","606","267","21","13","8"
"AMME","873","606","267","5","3","2"
"AMSC","873","606","267","24","19","5"
"AMSP","873","606","267","4","1","3"
"ANCA","873","606","267","176","156","20"
"ANMG","873","606","267","38","29","9"
"ANSP","873","606","267","3","1","2"
"ANTH","873","606","267","2","0","2"
"ANTW","873","606","267","78","59","19"
"APFU","873","606","267","397","293","104"
"APSP","873","606","267","30","7","23"
"APTR","873","606","267","152","130","22"
"APVI","873","606","267","36","28","8"
"ARHI","873","606","267","6","1","5"
"ARME","873","606","267","24","15","9"
"ARNI","873","606","267","18","11","7"
"ASTA","873","606","267","5","2","3"
"AUCH","873","606","267","24","14","10"
"BACO","873","606","267","22","17","5"
"BAUN","873","606","267","556","452","104"
"BAVI","873","606","267","31","25","6"
"BIGE","873","606","267","2","0","2"
"BLCH","873","606","267","4","1","3"
"BLEN","873","606","267","118","106","12"
"BOAN","873","606","267","23","20","3"
"BOAX","873","606","267","112","77","35"
"BUTT","873","606","267","3","1","2"
"CAAB","873","606","267","29","22","7"
"CAAM","873","606","267","14","13","1"
"CABE","873","606","267","3","1","2"
"CACA","873","606","267","167","143","24"
"CACE","873","606","267","8","7","1"
"CACO","873","606","267","8","5","3"
"CADU","873","606","267","118","94","24"
"CAFE","873","606","267","10","8","2"
"CAIG","873","606","267","13","10","3"
"CAJN","873","606","267","13","10","3"
"CALU","873","606","267","65","45","20"
"CAMC","873","606","267","26","6","20"
"CAME","873","606","267","268","208","60"
"CAML","873","606","267","19","18","1"
"CAOR","873","606","267","45","34","11"
"CAPA","873","606","267","197","154","43"
"CARD","873","606","267","21","18","3"
"CASE","873","606","267","18","11","7"
"CASO","873","606","267","160","114","46"
"CASP","873","606","267","2","0","2"
"CATE","873","606","267","89","68","21"
"CAVA","873","606","267","13","8","5"
"CEAR","873","606","267","322","229","93"
"CEBI","873","606","267","2","1","1"
"CEFI","873","606","267","4","2","2"
"CEFL","873","606","267","657","468","189"
"CEHE","873","606","267","127","98","29"
"CELE","873","606","267","10","6","4"
"CELO","873","606","267","3","2","1"
"CEMI","873","606","267","3","1","2"
"CEOC","873","606","267","8","7","1"
"CESH","873","606","267","378","251","127"
"CESO","873","606","267","2","1","1"
"CESX","873","606","267","14","10","4"
"CEUR","873","606","267","774","537","237"
"CHAC","873","606","267","487","303","184"
"CHAG","873","606","267","383","218","165"
"CHAL","873","606","267","30","27","3"
"CHAM","873","606","267","13","9","4"
"CHAR","873","606","267","7","2","5"
"CHAU","873","606","267","152","123","29"
"CHBE","873","606","267","23","21","2"
"CHBR","873","606","267","139","97","42"
"CHCI","873","606","267","257","197","60"
"CHCL","873","606","267","40","38","2"
"CHEP","873","606","267","101","88","13"
"CHFA","873","606","267","27","23","4"
"CHFL","873","606","267","5","3","2"
"CHFN","873","606","267","34","27","7"
"CHGL","873","606","267","3","1","2"
"CHIN","873","606","267","11","10","1"
"CHKL","873","606","267","21","12","9"
"CHLT","873","606","267","71","65","6"
"CHLU","873","606","267","210","178","32"
"CHMA","873","606","267","348","251","97"
"CHMC","873","606","267","94","74","20"
"CHMD","873","606","267","8","5","3"
"CHME","873","606","267","5","2","3"
"CHML","873","606","267","6","5","1"
"CHMR","873","606","267","88","63","25"
"CHOR","873","606","267","330","254","76"
"CHOX","873","606","267","120","115","5"
"CHPU","873","606","267","410","278","132"
"CHQN","873","606","267","8","5","3"
"CHQU","873","606","267","252","186","66"
"CHRE","873","606","267","351","271","80"
"CHSL","873","606","267","374","279","95"
"CHTL","873","606","267","167","135","32"
"CHTR","873","606","267","35","19","16"
"CHTY","873","606","267","145","103","42"
"CHUB","873","606","267","186","155","31"
"CHUD","873","606","267","32","28","4"
"CHUL","873","606","267","52","44","8"
"CHUN","873","606","267","34","21","13"
"CHVA","873","606","267","355","219","136"
"CHVR","873","606","267","4","2","2"
"CHXA","873","606","267","306","200","106"
"CIFL","873","606","267","320","187","133"
"CIKA","873","606","267","239","149","90"
"CIPI","873","606","267","6","5","1"
"CISP","873","606","267","53","2","51"
"CIVR","873","606","267","159","87","72"
"COAY","873","606","267","305","229","76"
"COGA","873","606","267","362","263","99"
"CTBI","873","606","267","161","136","25"
"CTCY","873","606","267","171","144","27"
"CTHA","873","606","267","203","147","56"
"CTSP","873","606","267","51","5","46"
"CTSR","873","606","267","662","458","204"
"DAAR","873","606","267","6","3","3"
"DAMS","873","606","267","8","1","7"
"DARE","873","606","267","319","229","90"
"DART","873","606","267","1","0","1"
"DATR","873","606","267","92","61","31"
"DIHY","873","606","267","6","5","1"
"ECBC","873","606","267","98","79","19"
"ECOP","873","606","267","13","5","8"
"ELBI","873","606","267","22","18","4"
"EMPE","873","606","267","2","0","2"
"EPFA","873","606","267","154","102","52"
"EPHE","873","606","267","61","31","30"
"EPHO","873","606","267","9","7","2"
"EPIN","873","606","267","122","101","21"
"EPMA","873","606","267","8","6","2"
"EPME","873","606","267","8","5","3"
"EPML","873","606","267","15","8","7"
"EPPO","873","606","267","1","0","1"
"EPSP","873","606","267","8","7","1"
"EPTA","873","606","267","7","6","1"
"EVSP","873","606","267","11","3","8"
"EXBR","873","606","267","24","16","8"
"FICO","873","606","267","21","11","10"
"FILE","873","606","267","9","0","9"
"FISH","873","606","267","18","5","13"
"FOFL","873","606","267","367","254","113"
"FOLO","873","606","267","109","86","23"
"FUSI","873","606","267","1","0","1"
"GNAU","873","606","267","136","83","53"
"GOAT","873","606","267","2","0","2"
"GOBI","873","606","267","43","27","16"
"GOCI","873","606","267","3","1","2"
"GOVA","873","606","267","275","185","90"
"GRAL","873","606","267","27","11","16"
"GROU","873","606","267","7","3","4"
"GRSE","873","606","267","18","11","7"
"GYFL","873","606","267","13","10","3"
"GYJA","873","606","267","12","6","6"
"GYME","873","606","267","19","12","7"
"GYSP","873","606","267","2","1","1"
"GYUC","873","606","267","12","10","2"
"HABI","873","606","267","332","199","133"
"HAHO","873","606","267","530","388","142"
"HAMA","873","606","267","63","41","22"
"HAME","873","606","267","3","2","1"
"HAMT","873","606","267","299","176","123"
"HAOR","873","606","267","556","366","190"
"HASP","873","606","267","45","37","8"
"HATR","873","606","267","17","12","5"
"HECA","873","606","267","14","11","3"
"HECH","873","606","267","117","79","38"
"HEFA","873","606","267","222","176","46"
"HEME","873","606","267","39","35","4"
"HEMO","873","606","267","26","20","6"
"HEPO","873","606","267","43","23","20"
"HETH","873","606","267","32","22","10"
"HILO","873","606","267","26","23","3"
"HOAN","873","606","267","21","19","2"
"HODO","873","606","267","105","90","15"
"ISDE","873","606","267","3","1","2"
"ISSP","873","606","267","2","1","1"
"JACK","873","606","267","1","0","1"
"KYCI","873","606","267","37","7","30"
"KYPA","873","606","267","29","9","20"
"KYVA","873","606","267","7","0","7"
"LABI","873","606","267","172","120","52"
"LADI","873","606","267","721","486","235"
"LAPE","873","606","267","103","72","31"
"LAUN","873","606","267","4","3","1"
"LAXA","873","606","267","165","115","50"
"LEHA","873","606","267","9","6","3"
"LEOB","873","606","267","19","18","1"
"LEOL","873","606","267","21","18","3"
"LERU","873","606","267","6","5","1"
"LETA","873","606","267","17","10","7"
"LETH","873","606","267","23","21","2"
"LEXA","873","606","267","16","10","6"
"LIZA","873","606","267","55","36","19"
"LUBO","873","606","267","388","281","107"
"LUFU","873","606","267","66","49","17"
"LUGI","873","606","267","120","85","35"
"LUKA","873","606","267","147","87","60"
"LUMO","873","606","267","36","30","6"
"MABR","873","606","267","37","30","7"
"MACO","873","606","267","1","0","1"
"MALA","873","606","267","78","62","16"
"MAMA","873","606","267","136","103","33"
"MAME","873","606","267","485","341","144"
"MANI","873","606","267","185","159","26"
"MEAT","873","606","267","102","68","34"
"MENI","873","606","267","113","92","21"
"MEVI","873","606","267","676","504","172"
"MOGR","873","606","267","320","243","77"
"MORA","873","606","267","2","0","2"
"MUFL","873","606","267","41","20","21"
"MUVA","873","606","267","75","39","36"
"MYAM","873","606","267","26","21","5"
"MYBE","873","606","267","193","112","81"
"MYKU","873","606","267","66","42","24"
"MYMU","873","606","267","8","3","5"
"MYSP","873","606","267","33","18","15"
"MYVI","873","606","267","5","3","2"
"MYVL","873","606","267","3","3","0"
"NAAN","873","606","267","10","6","4"
"NABR","873","606","267","60","53","7"
"NACA","873","606","267","4","1","3"
"NAHE","873","606","267","137","97","40"
"NALI","873","606","267","769","529","240"
"NASP","873","606","267","51","14","37"
"NATO","873","606","267","67","55","12"
"NAUN","873","606","267","101","63","38"
"NAVL","873","606","267","74","57","17"
"NEAG","873","606","267","5","3","2"
"NEAR","873","606","267","329","194","135"
"NEFE","873","606","267","10","5","5"
"NEMA","873","606","267","300","187","113"
"NEOP","873","606","267","11","8","3"
"NESA","873","606","267","35","16","19"
"NESP","873","606","267","9","5","4"
"NOTA","873","606","267","53","49","4"
"ODNI","873","606","267","49","26","23"
"OPPU","873","606","267","11","8","3"
"OSAN","873","606","267","45","30","15"
"OSME","873","606","267","78","60","18"
"OSNO","873","606","267","5","4","1"
"OXBI","873","606","267","5","4","1"
"OXDI","873","606","267","43","40","3"
"OXUN","873","606","267","558","445","113"
"PAAR","873","606","267","685","472","213"
"PABA","873","606","267","25","17","8"
"PACL","873","606","267","166","106","60"
"PACY","873","606","267","241","182","59"
"PAFO","873","606","267","424","289","135"
"PAHE","873","606","267","112","84","28"
"PAHP","873","606","267","32","28","4"
"PAIN","873","606","267","412","278","134"
"PAMI","873","606","267","62","35","27"
"PAMT","873","606","267","3","2","1"
"PAMU","873","606","267","657","470","187"
"PAPL","873","606","267","48","36","12"
"PAPR","873","606","267","4","0","4"
"PARR","873","606","267","85","49","36"
"PEJA","873","606","267","54","41","13"
"PEOU","873","606","267","112","75","37"
"PERV","873","606","267","7","4","3"
"PLDI","873","606","267","223","163","60"
"PLIM","873","606","267","75","43","32"
"PLJO","873","606","267","498","334","164"
"PLLA","873","606","267","416","262","154"
"PLLD","873","606","267","16","12","4"
"PLPH","873","606","267","5","3","2"
"PLPI","873","606","267","16","11","5"
"PLRH","873","606","267","6","5","1"
"PLTA","873","606","267","138","71","67"
"PLTE","873","606","267","4","3","1"
"POGU","873","606","267","446","309","137"
"POIM","873","606","267","209","155","54"
"POPA","873","606","267","2","1","1"
"POPU","873","606","267","3","1","2"
"POVA","873","606","267","609","411","198"
"PSAT","873","606","267","129","70","59"
"PSCO","873","606","267","1","1","0"
"PSEV","873","606","267","94","62","32"
"PSHE","873","606","267","133","62","71"
"PSMO","873","606","267","75","65","10"
"PSOC","873","606","267","257","153","104"
"PSPA","873","606","267","96","58","38"
"PSTE","873","606","267","302","199","103"
"PTAN","873","606","267","20","14","6"
"PTEN","873","606","267","5","4","1"
"PTEV","873","606","267","199","150","49"
"PTHE","873","606","267","51","33","18"
"PTMA","873","606","267","14","10","4"
"PTMI","873","606","267","11","9","2"
"PTTI","873","606","267","116","90","26"
"PTZE","873","606","267","46","39","7"
"PUFF","873","606","267","3","2","1"
"PYDI","873","606","267","246","186","60"
"RABB","873","606","267","6","5","1"
"RHRE","873","606","267","50","44","6"
"SACA","873","606","267","207","147","60"
"SADI","873","606","267","25","18","7"
"SAGR","873","606","267","9","1","8"
"SAMI","873","606","267","12","7","5"
"SAPP","873","606","267","7","6","1"
"SASP","873","606","267","50","22","28"
"SATI","873","606","267","326","210","116"
"SCAL","873","606","267","43","29","14"
"SCDM","873","606","267","13","11","2"
"SCFO","873","606","267","432","299","133"
"SCFR","873","606","267","20","10","10"
"SCGH","873","606","267","22","8","14"
"SCGL","873","606","267","48","29","19"
"SCLY","873","606","267","13","10","3"
"SCNI","873","606","267","9","6","3"
"SCOV","873","606","267","107","58","49"
"SCPP","873","606","267","11","7","4"
"SCPS","873","606","267","197","160","37"
"SCRU","873","606","267","449","298","151"
"SCSC","873","606","267","144","113","31"
"SCSP","873","606","267","27","9","18"
"SECY","873","606","267","4","1","3"
"SESP","873","606","267","2","1","1"
"SIAR","873","606","267","29","24","5"
"SNDP","873","606","267","30","14","16"
"SPBA","873","606","267","21","20","1"
"SPDE","873","606","267","6","4","2"
"STAL","873","606","267","8","4","4"
"STBN","873","606","267","303","226","77"
"STFA","873","606","267","614","403","211"
"STNI","873","606","267","16","12","4"
"STSP","873","606","267","44","43","1"
"STST","873","606","267","46","39","7"
"SUBU","873","606","267","562","410","152"
"SUCH","873","606","267","288","226","62"
"SUFR","873","606","267","14","13","1"
"SURG","873","606","267","16","8","8"
"SYBI","873","606","267","6","4","2"
"SYVA","873","606","267","5","3","2"
"TAME","873","606","267","4","3","1"
"THAM","873","606","267","228","154","74"
"THHA","873","606","267","11","7","4"
"THLU","873","606","267","688","445","243"
"THPU","873","606","267","15","12","3"
"THQU","873","606","267","661","463","198"
"THSP","873","606","267","6","5","1"
"THTR","873","606","267","11","10","1"
"TROB","873","606","267","61","42","19"
"TYCR","873","606","267","2","1","1"
"VALO","873","606","267","137","90","47"
"VAST","873","606","267","293","185","108"
"WRAS","873","606","267","85","33","52"
"XAAU","873","606","267","2","2","0"
"ZACO","873","606","267","373","283","90"
"ZEFL","873","606","267","331","220","111"
"ZESC","873","606","267","5","2","3"
"ZEVE","873","606","267","24","22","2"
